
          Problema 3 (Cubul magic - Marinel Serban)  

       Sa se dispuna pe cele 12 muchii ale unui cub toate numerele
de la 1 la 12, in asa fel incat suma numerelor aflate pe muchiile unei
fete sa fie aceeasi pentru toate fetele.
       Considerand urmatoarea numerotare a muchiilor

                       -------12----
                     / .           /|
                   11  .         10 |
                   -------9------   |
                   |   8         |  7
                   6   .         5  |
                   |   .......4..|../
                   |.3           | 2
                   -------1------
iesirea va avea forma :

Solutia 1 : 1,m2,m3,m4,m5,m6,m7,m8,m9,m10,m11,m12
..
Solutia n : 1,m2,m3,m4,m5,m6,m7,m8,m9,m10,m11,m12

unde mi este valoarea din {2,...,12} plasata pe muchia i, i=2,12,
iar muchia 1 contine valoarea 1 in toate solutiile.
===========================================
Rezultat (80 posibilitati)
1 2 11 12 9 6 7 4 10 8 5 3 
1 2 11 12 10 8 5 3 7 9 4 6 
1 2 12 11 9 6 8 3 10 7 5 4 
1 2 12 11 10 7 5 4 8 9 3 6 
1 3 10 12 9 5 8 4 11 6 7 2 
1 3 12 10 11 5 8 2 9 4 7 6 
1 3 12 10 11 8 5 2 6 7 4 9 
1 4 9 12 8 10 3 5 7 11 2 6 
1 4 10 11 12 5 7 2 8 3 9 6 
1 4 11 10 12 7 2 5 6 8 3 9 
1 5 8 12 6 9 4 7 10 11 2 3 
1 5 8 12 11 10 3 2 4 7 6 9 
1 5 9 11 7 6 10 3 12 4 8 2 
1 5 9 11 7 12 4 3 6 10 2 8 
1 5 9 11 10 3 7 6 12 4 8 2 
1 5 11 9 12 3 7 4 10 2 8 6 
1 5 12 8 10 4 9 3 11 2 7 6 
1 5 12 8 10 9 4 3 6 7 2 11 
1 6 7 12 9 5 8 4 11 3 10 2 
1 6 7 12 10 11 2 3 4 8 5 9 
1 6 8 11 12 9 3 2 4 5 7 10 
1 6 9 10 5 8 11 2 12 4 7 3 
1 6 9 10 11 2 5 8 12 4 7 3 
1 6 9 10 12 2 5 7 11 3 8 4 
1 7 6 12 5 9 4 8 11 10 3 2 
1 7 6 12 11 10 3 2 4 5 8 9 
1 7 8 10 12 9 2 3 4 5 6 11 
1 7 10 8 9 11 4 2 5 6 3 12 
1 7 10 8 11 9 2 4 5 6 3 12 
1 7 10 8 12 2 3 9 11 4 5 6 
1 7 12 6 5 9 10 2 11 4 3 8 
1 7 12 6 11 4 3 8 10 5 2 9 
1 8 5 12 9 6 7 4 10 2 11 3 
1 8 5 12 10 11 2 3 4 6 7 9 
1 8 6 11 9 12 2 3 4 7 5 10 
1 8 7 10 9 12 3 2 4 6 5 11 
1 8 10 7 4 9 11 2 12 3 5 6 
1 8 10 7 11 2 4 9 12 3 5 6 
1 8 11 6 12 3 4 7 10 2 5 9 
1 9 4 12 10 8 5 3 7 2 11 6 
1 9 5 11 3 10 6 7 12 8 4 2 
1 9 5 11 6 7 3 10 12 8 4 2 
1 9 5 11 12 7 3 4 6 2 10 8 
1 9 6 10 2 11 8 5 12 7 4 3 
1 9 6 10 2 12 7 5 11 8 3 4 
1 9 6 10 8 5 2 11 12 7 4 3 
1 9 10 6 12 5 2 7 8 3 4 11 
1 9 11 5 7 10 6 3 8 4 2 12 
1 9 11 5 10 7 3 6 8 4 2 12 
1 9 12 4 8 6 7 5 11 2 3 10 
1 9 12 4 8 7 6 5 10 3 2 11 
1 10 3 12 5 9 4 8 11 7 6 2 
1 10 4 11 5 12 2 7 8 9 3 6 
1 10 7 8 2 12 9 3 11 5 4 6 
1 10 7 8 9 11 4 2 5 3 6 12 
1 10 7 8 11 9 2 4 5 3 6 12 
1 10 8 7 2 11 9 4 12 5 3 6 
1 10 8 7 9 4 2 11 12 5 3 6 
1 10 9 6 5 12 7 2 8 4 3 11 
1 10 11 4 6 7 8 5 12 2 3 9 
1 10 11 4 8 5 6 7 12 2 3 9 
1 11 2 12 6 9 4 7 10 5 8 3 
1 11 2 12 8 10 3 5 7 4 9 6 
1 11 4 10 7 12 5 2 6 3 8 9 
1 11 5 9 3 12 4 7 10 8 2 6 
1 11 8 6 3 12 7 4 10 5 2 9 
1 11 9 5 7 10 6 3 8 2 4 12 
1 11 9 5 10 7 3 6 8 2 4 12 
1 11 10 4 5 8 7 6 12 3 2 9 
1 11 10 4 7 6 5 8 12 3 2 9 
1 12 2 11 6 9 3 8 10 5 7 4 
1 12 2 11 7 10 4 5 8 3 9 6 
1 12 3 10 5 11 2 8 9 7 4 6 
1 12 3 10 8 11 2 5 6 4 7 9 
1 12 5 8 4 10 3 9 11 7 2 6 
1 12 5 8 9 10 3 4 6 2 7 11 
1 12 7 6 4 11 8 3 10 2 5 9 
1 12 7 6 9 5 2 10 11 3 4 8 
1 12 9 4 6 8 5 7 11 3 2 10 
1 12 9 4 7 8 5 6 10 2 3 11 
