2
200 2000 100
50 155
13 11
97 129
28 154
23 157
149 102
187 8
183 63
81 200
39 33
97 134
177 43
100 82
41 23
124 67
138 62
67 132
167 14
23 155
24 142
124 147
159 120
59 180
76 32
98 186
62 85
43 180
187 174
146 37
17 119
113 72
85 52
102 192
93 45
199 102
153 162
117 6
175 33
151 36
8 86
136 75
188 66
76 158
173 175
22 43
75 106
78 156
92 162
26 8
174 177
194 178
119 169
104 24
197 160
96 79
26 199
84 92
195 39
75 62
89 109
131 59
127 176
172 192
172 200
143 165
116 25
95 191
26 105
183 168
81 166
133 76
51 43
189 14
113 69
128 147
157 65
30 60
36 160
58 146
16 61
150 61
141 142
63 13
82 170
145 85
98 51
14 197
140 179
131 199
191 99
172 132
138 122
177 72
155 99
145 19
47 2
6 113
26 24
104 181
199 21
143 177
145 190
3 41
179 23
15 121
101 10
150 43
96 80
124 134
52 136
183 44
88 102
95 154
34 6
36 165
24 105
192 59
102 199
109 40
32 150
8 170
131 25
22 95
63 37
13 70
87 128
6 19
4 66
2 199
15 97
91 135
142 64
100 27
169 71
19 194
197 193
174 84
24 73
188 176
6 7
118 184
68 66
22 9
195 54
134 7
71 80
107 57
140 161
66 70
166 31
40 7
2 118
110 26
129 102
135 30
142 196
27 119
117 111
61 17
163 92
60 148
174 101
145 72
174 189
200 67
189 47
67 105
43 8
171 27
4 57
56 107
14 10
179 31
93 20
10 196
122 117
188 164
20 97
45 19
133 87
164 175
112 106
84 158
177 137
176 61
150 90
114 94
124 178
158 95
49 158
137 122
152 33
19 79
143 200
102 151
38 145
167 32
99 95
180 43
12 55
46 47
93 102
26 100
161 165
166 98
155 160
131 35
199 171
29 110
101 37
67 53
54 74
99 122
162 68
21 173
25 74
20 9
8 36
200 192
191 109
119 156
80 81
53 128
67 193
113 118
24 117
171 154
132 194
195 62
88 116
131 95
5 93
176 88
117 55
189 87
78 150
128 157
72 26
17 25
42 196
80 167
184 110
54 124
175 80
23 181
196 176
135 89
138 25
163 165
42 48
161 199
72 171
82 125
155 58
94 134
133 147
153 49
92 81
85 20
113 148
128 200
143 103
88 20
54 158
140 46
80 86
116 57
107 154
180 52
17 194
52 7
100 23
164 92
126 181
191 179
120 87
101 173
121 146
70 198
177 155
147 109
159 138
15 174
72 59
70 90
153 146
188 148
191 103
57 88
36 58
196 55
197 161
142 158
193 152
13 152
169 129
46 59
177 44
143 55
8 159
60 113
93 78
173 12
89 93
39 114
21 50
95 41
164 138
121 154
194 58
56 159
197 145
47 98
18 45
111 182
131 115
106 152
152 163
168 13
27 99
191 75
177 115
184 72
158 200
111 168
40 45
156 125
7 31
168 127
51 136
162 55
182 6
27 46
11 189
14 179
16 194
52 21
72 17
22 38
60 162
133 161
59 119
175 45
15 26
18 73
146 188
94 130
89 153
94 132
80 186
72 86
79 99
13 97
179 6
122 98
183 39
160 133
140 138
2 180
118 98
77 89
106 163
28 137
21 2
21 73
63 172
21 21
184 100
75 167
25 145
12 20
54 183
107 77
66 109
76 5
123 87
129 118
56 132
172 178
25 171
118 158
22 41
63 9
179 118
39 150
106 50
76 77
9 106
85 41
117 151
191 134
183 25
158 161
190 15
86 165
61 138
34 163
119 43
148 185
121 138
175 126
174 49
186 117
128 24
13 96
134 170
25 151
193 80
187 42
91 84
49 83
98 185
89 55
73 105
150 54
113 175
123 169
46 86
197 195
140 113
44 75
84 21
11 154
97 20
9 144
95 123
87 22
138 195
69 171
195 167
67 44
61 100
97 25
118 8
180 21
2 130
63 136
69 76
79 77
152 171
140 140
78 118
20 163
7 62
50 1
60 77
111 163
35 42
168 138
182 123
1 124
15 140
31 66
103 160
172 147
48 188
199 111
135 76
2 183
190 33
120 2
144 48
150 179
30 33
57 153
34 53
193 31
179 105
173 181
104 187
119 62
64 147
177 141
194 76
184 89
152 35
48 168
1 183
96 35
30 73
127 79
13 182
30 84
125 186
136 129
18 184
73 183
74 127
3 76
166 7
126 59
61 125
160 139
133 59
43 13
27 19
199 34
6 165
64 124
159 199
65 172
11 13
200 172
116 129
196 149
84 196
69 132
188 14
114 169
133 27
97 88
13 151
59 195
156 139
21 192
151 183
127 191
164 146
78 23
71 145
36 105
101 180
27 180
175 71
62 163
145 80
73 172
83 140
18 147
192 39
175 190
46 171
122 50
85 128
195 126
83 190
68 6
87 103
67 75
132 56
115 41
65 49
100 105
103 147
84 128
194 81
78 192
187 50
178 125
29 79
85 43
72 40
163 198
67 148
58 153
172 184
113 139
12 175
48 64
175 91
26 156
66 19
24 101
24 133
48 113
174 126
158 29
189 24
153 7
90 119
47 200
128 178
124 137
71 151
172 181
107 134
159 147
191 116
75 156
83 20
118 70
5 139
59 30
199 75
176 5
122 171
141 31
121 188
23 56
129 175
133 184
151 109
51 1
195 175
29 46
59 40
142 150
27 31
42 105
124 161
185 58
98 46
14 102
19 187
118 196
29 40
172 157
46 51
100 22
34 77
78 20
185 11
118 183
135 56
2 50
112 105
188 105
171 177
89 124
174 5
40 156
155 83
103 116
73 71
187 130
150 86
182 53
92 191
70 192
89 102
3 192
139 163
105 3
4 26
63 170
35 92
7 49
171 6
143 164
39 169
47 44
30 170
5 177
44 18
37 106
90 121
181 148
182 38
16 112
141 27
104 64
177 143
185 154
86 43
180 165
185 89
66 132
139 89
114 82
98 14
85 197
16 129
143 93
40 52
48 167
135 42
12 93
40 69
200 200
51 96
38 73
142 127
19 132
19 75
182 14
36 114
28 40
130 92
178 77
186 8
185 33
59 97
120 32
58 114
130 63
77 29
102 59
97 121
193 88
81 109
77 70
3 188
97 80
22 1
19 127
167 20
67 94
188 110
114 143
56 105
99 143
128 4
121 13
13 22
58 56
187 64
90 18
129 168
35 87
67 99
115 139
13 59
38 19
144 121
141 58
9 117
47 31
56 188
16 197
167 193
160 140
116 63
181 6
152 77
35 44
17 91
114 129
164 188
129 135
143 13
122 153
119 37
38 193
133 29
66 35
110 34
154 194
115 49
13 66
198 58
169 29
191 136
25 161
54 80
52 130
33 120
32 52
40 26
46 124
31 168
8 168
84 122
40 179
138 86
179 14
149 24
86 188
182 187
119 84
161 46
63 196
38 138
111 59
13 51
129 16
158 101
112 82
79 73
163 152
175 136
165 114
171 63
145 63
118 51
92 160
190 39
131 189
181 188
127 31
134 121
118 29
129 51
172 51
40 142
114 31
83 108
22 142
120 70
186 32
95 97
73 103
61 50
167 197
24 46
145 70
83 51
126 123
57 27
180 193
199 58
125 74
93 77
91 130
70 181
26 101
49 181
181 39
182 16
28 172
61 111
52 161
59 66
39 122
62 164
54 78
76 60
13 32
103 137
78 87
115 141
192 112
147 150
200 146
49 177
49 170
29 8
105 41
120 61
28 115
200 191
108 56
38 125
65 24
47 8
150 171
1 134
124 104
198 140
75 15
141 12
110 39
95 184
46 92
168 141
2 92
150 129
47 140
185 4
198 35
99 192
30 16
7 148
147 17
45 189
28 114
3 100
69 112
53 147
132 186
187 6
42 33
114 112
77 162
21 51
164 50
150 172
19 153
135 182
103 130
174 190
196 10
65 167
157 55
30 23
59 179
182 114
2 37
161 159
30 85
57 12
54 153
143 52
119 109
117 26
95 193
118 37
143 122
8 134
39 183
15 81
67 30
88 42
37 16
115 138
83 50
189 170
187 22
196 159
108 97
44 134
95 118
89 106
61 179
70 125
42 138
118 123
90 173
108 81
42 148
197 162
79 195
126 82
88 26
200 82
3 49
126 101
23 170
92 52
95 195
126 186
42 50
189 34
30 8
200 108
27 101
80 120
69 55
52 151
2 128
187 185
100 198
118 53
51 51
107 104
140 70
113 141
41 154
60 7
179 125
181 43
184 96
8 99
170 35
92 14
194 41
98 90
161 69
195 150
108 117
152 82
85 54
195 176
132 72
107 132
183 36
157 161
28 80
33 68
118 34
143 182
26 82
138 144
123 162
195 2
26 10
56 36
146 103
111 17
19 156
166 113
141 108
77 78
135 78
102 89
97 130
43 21
71 180
153 189
87 47
108 82
21 155
4 159
196 17
54 192
160 86
57 71
26 43
11 149
98 27
68 81
55 7
142 73
106 32
157 10
63 166
195 129
89 131
59 189
48 190
178 151
184 147
100 142
45 152
150 92
51 179
72 20
130 2
70 88
2 115
103 166
115 174
173 83
49 96
126 131
78 49
82 119
88 112
79 160
4 21
73 75
139 135
21 142
85 56
8 162
59 109
68 49
17 178
35 10
99 62
95 146
87 123
200 61
199 190
169 10
116 147
186 25
27 61
94 95
28 70
140 118
59 52
80 66
109 109
136 173
164 131
51 82
180 58
52 68
175 55
100 200
102 60
190 103
10 17
199 65
122 29
150 183
125 158
112 7
146 85
62 69
134 37
139 80
126 197
161 67
190 132
52 181
145 173
97 195
121 43
96 92
34 199
175 102
18 175
81 151
20 153
32 190
45 73
46 83
22 7
114 93
59 93
41 98
139 87
163 124
186 91
47 186
195 75
113 12
122 137
20 100
49 34
105 6
132 109
179 87
199 81
71 161
11 176
101 177
154 178
163 176
174 138
22 66
172 113
60 161
184 36
114 56
153 164
57 93
182 157
54 150
113 65
154 56
3 189
103 124
184 45
181 131
28 187
19 83
71 174
162 98
29 25
142 154
65 56
118 150
179 75
199 12
31 44
132 187
16 59
33 119
12 108
7 51
154 191
178 79
106 89
186 50
36 113
119 105
35 158
105 48
163 159
78 128
105 82
173 18
146 25
66 123
71 89
179 153
159 21
43 149
189 92
101 9
148 30
11 92
72 100
71 116
6 57
11 163
135 75
140 4
49 174
68 176
175 139
199 77
11 197
142 62
105 45
75 128
101 23
44 140
95 20
43 41
109 97
173 124
98 55
106 194
46 76
85 53
151 107
12 190
38 87
58 26
21 78
147 183
95 84
24 112
200 149
12 32
63 55
189 188
113 182
79 92
49 50
54 75
100 39
162 12
1 179
128 56
113 150
159 5
59 157
48 81
132 118
41 192
157 91
139 42
181 17
35 89
64 64
30 65
104 120
65 192
83 74
176 176
69 156
189 19
80 33
131 127
42 25
131 178
142 181
23 47
12 86
54 73
197 134
55 56
122 62
73 66
133 186
178 83
90 154
118 104
175 122
107 169
130 133
154 173
194 149
25 3
128 46
151 53
143 92
23 191
58 178
105 161
125 180
93 17
88 135
66 165
23 80
166 168
172 2
46 50
153 36
152 85
97 90
47 29
63 186
184 15
97 178
186 30
197 73
75 122
149 123
185 130
96 145
181 59
89 128
119 73
156 160
198 109
29 72
198 56
75 112
104 184
30 40
12 80
181 159
122 148
11 174
34 118
162 6
80 83
16 71
116 161
130 162
137 132
150 50
28 151
197 118
129 138
47 112
35 152
123 26
17 144
6 105
86 199
111 55
23 27
131 163
138 82
92 142
169 17
5 165
127 146
179 82
91 182
49 178
54 186
191 17
133 61
123 44
41 200
150 72
190 6
80 130
16 198
69 70
85 151
2 195
75 46
79 137
71 183
74 37
70 81
47 39
25 78
192 13
148 10
138 91
56 46
77 57
171 153
143 73
124 170
198 127
121 168
179 157
1 194
133 121
52 89
41 179
34 167
132 61
26 65
67 49
79 179
101 6
16 158
163 128
93 130
70 87
123 48
47 142
1 113
5 87
156 19
178 53
64 174
63 178
16 169
17 18
199 155
108 183
176 95
36 94
17 75
2 51
107 129
59 124
20 196
166 189
140 10
25 17
172 47
106 35
3 185
69 185
15 163
175 179
114 77
2 59
2 100
105 69
53 158
28 97
195 86
192 116
87 57
107 22
129 150
185 197
137 78
126 130
52 123
121 164
17 168
113 130
186 4
111 149
141 72
189 68
93 18
200 93
61 85
125 195
17 152
75 146
122 196
97 110
5 91
191 77
111 101
67 176
64 6
36 74
5 159
182 94
163 11
6 134
1 190
166 137
13 161
138 180
97 73
60 5
135 145
125 115
139 45
6 106
193 49
6 190
126 112
180 134
155 105
127 195
7 183
163 105
52 17
104 141
189 41
166 127
175 96
139 114
118 194
33 162
104 46
1 189
112 41
180 53
108 27
44 29
8 82
62 50
6 62
35 164
14 45
111 189
147 127
169 185
142 180
44 175
167 181
198 143
33 121
143 60
30 153
188 68
139 198
181 181
140 89
179 162
131 123
55 159
5 38
142 145
125 100
177 34
14 54
53 99
69 18
121 139
145 15
80 179
73 129
149 106
42 119
180 20
197 196
164 13
36 50
19 80
102 146
36 82
13 114
197 38
158 48
110 161
185 79
127 137
26 151
90 170
143 58
145 145
10 148
65 180
49 163
191 185
93 16
153 127
144 179
40 154
82 62
52 139
101 11
185 47
167 127
113 151
193 11
155 200
198 193
146 123
198 156
49 8
28 67
13 102
196 167
187 118
80 163
100 114
37 4
101 55
194 128
132 138
185 20
81 27
137 24
105 35
155 142
49 139
187 52
193 104
10 86
166 170
66 175
196 36
89 57
172 137
1 115
19 36
103 162
43 96
38 162
175 41
159 172
156 74
132 43
153 76
150 83
86 42
176 43
69 163
61 7
44 28
147 96
138 177
155 163
96 97
140 12
124 130
86 167
94 81
171 58
133 109
85 63
170 85
68 41
176 110
78 181
169 81
4 43
37 5
67 117
31 49
200 68
136 48
8 193
95 168
1 101
23 10
111 131
155 108
189 114
28 37
122 149
84 78
28 147
97 123
187 144
68 12
163 167
128 35
164 89
166 188
187 149
69 29
14 172
13 16
86 30
113 7
7 5
38 133
69 24
120 33
97 41
167 124
9 182
83 132
114 3
138 192
196 12
140 32
135 118
70 176
76 103
4 14
151 178
50 186
179 7
20 38
23 115
12 14
56 124
108 186
111 176
5 74
172 127
119 1
51 21
162 148
70 132
93 189
164 115
112 103
111 92
100 18
33 86
15 132
151 11
165 173
186 123
78 69
117 126
2 62
83 42
4 200
99 97
124 189
182 175
25 31
59 99
7 166
72 148
85 94
107 6
194 56
17 92
82 152
192 168
107 7
192 41
77 66
96 76
193 155
174 15
104 95
142 2
136 143
135 167
195 178
193 83
168 155
172 189
182 135
86 22
30 90
115 26
49 42
42 6
42 20
45 170
60 78
97 154
191 165
103 95
104 136
114 123
62 29
25 45
140 130
128 129
148 174
82 196
176 153
50 7
103 113
75 169
70 182
179 146
53 113
87 181
164 136
156 150
197 173
154 53
179 193
165 1
12 123
127 144
107 141
56 38
89 192
175 132
69 126
166 11
81 65
145 97
55 163
63 195
140 13
173 156
148 68
167 157
190 200
120 118
121 63
75 99
119 50
163 98
121 6
48 124
179 102
154 111
165 195
35 172
3 195
158 43
20 157
90 135
165 125
90 127
149 167
161 144
157 36
18 70
179 166
164 169
191 177
196 197
76 29
139 74
27 97
17 190
69 139
1 87
40 93
183 22
100 58
96 96
14 1
49 151
21 57
195 40
99 38
181 86
133 82
175 15
125 133
138 140
90 184
192 47
95 50
177 59
11 196
126 10
61 159
198 60
112 61
16 80
102 120
56 81
187 131
69 93
179 40
11 147
166 50
100 195
82 133
76 35
74 130
189 198
199 55
184 111
164 38
173 95
46 29
21 195
67 126
110 162
170 64
151 14
20 110
85 40
97 5
117 89
166 52
34 198
165 151
105 19
46 13
76 196
29 124
156 96
196 16
130 15
82 107
184 5
84 186
35 175
187 20
35 134
110 49
31 26
129 40
43 104
198 25
131 55
164 60
108 199
117 18
65 131
196 187
180 57
38 135
109 184
160 177
24 153
42 136
50 161
83 160
196 21
5 178
83 167
154 183
79 161
158 82
122 119
55 134
132 50
101 74
153 156
58 75
11 99
100 35
49 73
53 3
194 143
108 85
167 180
155 77
120 57
79 106
195 198
87 167
122 69
41 141
197 124
138 164
40 153
93 9
13 50
85 58
141 90
126 152
99 59
145 52
186 128
113 177
47 105
99 125
66 42
84 163
112 195
33 146
108 163
87 178
54 129
198 154
120 1
39 108
72 29
12 173
8 152
104 17
162 159
95 199
112 57
134 200
83 48
38 190
131 105
109 163
102 72
62 103
180 191
106 63
122 25
39 106
149 122
120 45
106 74
13 41
187 121
164 147
45 181
184 133
48 161
17 124
198 80
140 169
32 171
13 44
189 136
114 37
124 116
146 141
69 129
101 101
35 195
85 132
36 119
38 151
116 22
106 197
94 57
153 121
5 13
167 187
130 57
29 48
95 149
157 97
100 13
167 30
34 164
121 169
153 125
63 198
169 165
94 42
100 85
163 12
104 108
17 196
25 146
52 62
94 158
197 31
136 67
178 169
84 105
119 61
184 57
189 62
158 188
21 126
73 57
88 175
42 35
117 107
164 118
86 172
173 163
92 62
126 74
77 20
93 79
178 200
81 192
182 71
61 151
172 109
177 91
112 68
117 27
1 107
31 38
101 125
71 140
126 30
123 141
500
35 116
73 103
38 104
26 56
53 77
42 144
48 121
77 150
18 130
37 53
27 139
65 123
2 113
63 149
79 93
50 76
35 144
93 137
8 64
16 127
72 142
7 73
77 63
48 128
42 86
97 146
80 141
47 135
41 131
98 82
38 96
80 56
90 90
48 82
93 126
53 119
45 100
27 129
86 146
9 139
74 128
68 102
57 119
64 79
15 57
44 52
87 91
97 88
28 96
37 146
45 122
54 113
12 62
80 83
58 145
82 129
15 115
6 54
42 118
16 141
64 132
81 71
65 80
81 60
76 136
18 132
54 52
43 145
34 142
67 106
30 109
64 81
77 91
89 65
41 91
62 109
96 102
40 149
64 103
30 121
12 73
47 95
66 103
96 120
55 67
84 99
71 146
36 114
73 116
64 101
28 75
72 65
60 59
88 81
30 145
75 88
12 52
32 149
56 93
53 124
32 104
70 80
91 143
64 144
26 121
46 133
72 87
75 109
20 75
69 89
20 95
60 88
4 55
37 99
98 117
97 118
81 112
75 143
19 74
42 109
34 149
78 145
83 79
76 69
55 76
35 83
17 63
44 129
23 89
46 94
86 52
21 113
59 148
84 149
36 56
88 95
90 141
69 135
27 58
85 147
34 136
96 70
83 114
2 91
48 149
89 60
22 102
12 83
52 123
90 87
90 69
1 125
84 137
60 92
68 117
78 125
56 91
42 134
89 52
76 146
66 89
92 53
26 146
81 123
94 144
37 143
92 138
89 108
2 55
26 91
21 144
91 80
46 64
79 73
68 79
97 150
23 144
4 142
97 105
85 139
99 107
45 101
98 112
67 89
24 86
6 88
20 78
34 101
23 56
95 72
12 113
98 67
61 60
36 88
15 54
34 120
63 51
90 76
98 62
78 143
99 109
27 106
39 98
44 81
86 124
25 127
15 140
94 112
67 86
54 59
99 108
18 114
4 136
61 63
96 78
17 105
20 112
26 57
52 102
19 149
45 72
100 59
42 149
55 111
64 69
99 82
40 93
37 78
96 134
47 100
64 91
9 55
55 75
94 94
88 140
79 112
44 127
55 115
53 68
12 92
52 118
39 72
66 120
90 143
69 141
52 147
94 83
94 93
86 70
10 58
93 103
27 67
8 103
67 112
40 74
13 117
8 141
2 81
8 109
12 53
2 150
91 116
68 89
37 71
83 65
100 132
55 89
23 81
17 68
51 98
35 86
100 115
12 139
99 94
6 101
82 74
27 128
33 149
74 116
78 99
17 109
60 133
60 87
34 118
47 72
35 64
85 119
25 150
7 146
75 102
32 69
31 127
24 150
1 74
46 103
28 104
72 144
44 144
25 88
94 111
60 84
5 135
46 150
74 79
65 145
95 74
88 137
36 85
34 98
82 84
26 61
78 150
81 129
63 78
45 60
18 79
15 118
7 101
35 124
19 110
46 139
37 128
87 83
4 97
27 86
88 103
56 80
68 115
74 98
29 96
91 148
61 83
31 55
4 94
51 78
57 104
86 150
20 122
63 60
22 121
67 51
14 114
31 136
61 81
77 133
81 108
56 72
11 122
17 74
29 84
1 119
39 88
61 132
44 61
25 76
99 103
96 114
26 68
87 51
84 101
61 150
25 96
42 75
50 78
74 120
12 119
39 58
98 52
64 89
20 97
85 101
23 80
35 52
18 58
22 111
93 116
77 144
45 80
93 64
58 125
47 137
27 117
83 131
17 140
100 109
21 79
64 148
97 106
26 63
16 107
59 62
31 99
36 113
58 80
32 73
67 108
49 141
6 136
8 54
50 58
94 68
99 78
27 113
84 77
86 83
48 57
9 135
53 112
3 65
94 120
80 104
60 108
39 150
51 145
77 66
74 107
24 59
93 138
51 80
97 139
93 101
67 54
16 56
66 92
22 134
88 55
16 73
18 89
81 130
13 76
21 97
36 57
36 128
49 88
32 121
74 136
28 117
10 120
24 142
37 137
5 78
29 93
19 80
17 124
44 58
79 81
49 123
26 76
85 72
53 53
82 119
79 100
1 79
61 139
33 89
60 140
98 57
85 137
7 55
17 107
6 68
3 104
54 96
66 51
33 76
59 146
53 143
44 106
13 60
72 103
71 54
87 99
14 78
82 121
61 134
81 100
89 118
96 69
81 142
85 60
6 94
4 114
78 80
19 62
99 140
66 142
39 84
21 75
58 67
6 65
25 130
96 135
38 67
41 69
10 88
44 134
98 83
19 69
24 95
13 136

