20
10 10 1 10 20 10 9 1 7 1
119
1 4
3 2
3 4
3 13
5 2
5 9
7 4
7 10
9 2
9 3
9 4
9 5
9 6
9 7
9 8
9 9
9 11
9 12
9 13
9 14
9 15
9 16
9 17
9 18
9 19
9 20
11 2
13 2
13 7
15 2
15 7
17 2
17 7
17 8
17 9
17 10
17 11
17 12
17 13
17 14
17 15
17 16
17 17
17 18
17 19
19 7
2 20
2 19
2 18
2 17
2 16
2 15
2 14
2 13
2 12
2 11
2 10
2 9
2 8
2 6
2 5
2 4
2 2
4 20
4 19
4 18
4 17
4 16
4 15
4 14
4 13
4 12
4 11
4 10
4 9
4 8
4 7
4 6
4 4
4 2
6 10
6 9
6 8
6 7
6 6
6 5
6 4
6 3
6 2
8 20
8 19
8 18
8 17
8 16
8 15
8 14
8 13
8 12
8 11
8 10
8 9
8 8
8 6
8 5
8 4
8 3
8 2
8 1
10 2
12 7
12 2
14 7
14 2
16 7
16 2
18 7
18 2
20 7
20 2

