100
4 4
1.4000
0.5000 0.7000 0.8000 0.6000
2 2
1.0000
0.0000 0.0000
2 2
0.0000
0.9000 0.8000
2 2
0.1000
0.4000 0.5000
45 45
17.4202
0.4726 0.3587 0.8810 0.5280 0.4095 0.4599 0.5028 0.3636 0.2403 0.5572 0.3509 0.9194 0.1072 0.3475 0.1986 0.9138 0.5766 0.4916 0.8825 0.0681 0.8272 0.2501 0.8510 0.6930 0.4581 0.5333 0.3071 0.5097 0.6853 0.6312 0.0900 0.9643 0.9596 0.2643 0.5474 0.7202 0.0681 0.3339 0.8528 0.8413 0.8763 0.6049 0.5438 0.1468 0.0647
50 50
0.0000
0.3333 0.3333 0.3333 0.3333 0.3333 0.3333 0.3333 0.3333 0.3333 0.3333 0.3333 0.3333 0.3333 0.3333 0.3333 0.3333 0.3333 0.3333 0.3333 0.3333 0.3333 0.3333 0.3333 0.3333 0.3333 0.3333 0.3333 0.3333 0.3333 0.3333 0.3333 0.3333 0.3333 0.3333 0.3333 0.3333 0.3333 0.3333 0.3333 0.3333 0.3333 0.3333 0.3333 0.3333 0.3333 0.3333 0.3333 0.3333 0.3333 0.3333
50 50
0.0000
0.8700 0.8700 0.8700 0.8700 0.8700 0.8700 0.8700 0.8700 0.8700 0.8700 0.8700 0.8700 0.8700 0.8700 0.8700 0.8700 0.8700 0.8700 0.8700 0.8700 0.8700 0.8700 0.8700 0.8700 0.8700 0.8700 0.8700 0.8700 0.8700 0.8700 0.8700 0.8700 0.8700 0.8700 0.8700 0.8700 0.8700 0.8700 0.8700 0.8700 0.8700 0.8700 0.8700 0.8700 0.8700 0.8700 0.8700 0.8700 0.8700 0.8700
47 47
20.3213
0.2188 0.2967 0.2345 0.3935 0.3339 0.9013 0.5903 0.8603 0.4829 0.4783 0.1152 0.3698 0.4813 0.1516 0.2379 0.2827 0.0538 0.8514 0.2300 0.2391 0.9221 0.0156 0.7716 0.8045 0.8339 0.1064 0.3939 0.7362 0.0106 0.5217 0.0356 0.4061 0.4286 0.6015 0.2503 0.3616 0.1939 0.8430 0.5959 0.1222 0.7956 0.0029 0.0127 0.1677 0.0720 0.5189 0.3459
50 50
18.9112
0.9856 0.9978 0.7588 0.3036 0.9372 0.4977 0.8751 0.3661 0.7586 0.9788 0.0969 0.6894 0.3930 0.0632 0.8754 0.4478 0.9278 0.4269 0.9970 0.0535 0.6466 0.1073 0.9022 0.3886 0.4345 0.8191 0.7143 0.1363 0.9791 0.6606 0.7362 0.2340 0.3100 0.9173 0.1474 0.4479 0.5235 0.9396 0.1513 0.6787 0.5143 0.2292 0.7374 0.1477 0.7270 0.5893 0.2305 0.6289 0.8772 0.5838
45 45
19.5862
0.6564 0.2541 0.5837 0.6980 0.3256 0.1016 0.3437 0.9360 0.4114 0.0415 0.4211 0.5346 0.0498 0.8937 0.9876 0.2549 0.6405 0.7950 0.4999 0.5180 0.5055 0.6137 0.8966 0.1255 0.0002 0.9577 0.0319 0.8772 0.3059 0.0845 0.7857 0.6968 0.1788 0.5190 0.6471 0.5512 0.1126 0.7261 0.7195 0.7536 0.3256 0.0183 0.3072 0.4601 0.2538
4 4
1.3999
0.6000 0.8000 0.5000 0.7000
47 47
21.1620
0.6582 0.2554 0.0438 0.0146 0.1307 0.2639 0.6638 0.1189 0.7719 0.6901 0.0644 0.6514 0.4557 0.6251 0.2281 0.4518 0.5965 0.4831 0.1148 0.2310 0.5380 0.2813 0.3181 0.6041 0.3064 0.8705 0.8584 0.2754 0.7047 0.6567 0.5483 0.2604 0.7050 0.4944 0.4268 0.5418 0.3586 0.5951 0.1134 0.8306 0.9029 0.8270 0.2596 0.7312 0.6059 0.3222 0.7081
49 49
17.4834
0.3425 0.0381 0.8454 0.8483 0.7908 0.5353 0.0780 0.3204 0.2094 0.0988 0.4361 0.0157 0.8895 0.1880 0.6387 0.2467 0.9545 0.2648 0.1826 0.4050 0.5122 0.9070 0.3876 0.5273 0.3865 0.2907 0.4693 0.3604 0.4816 0.0222 0.7212 0.8569 0.4126 0.7593 0.3251 0.5697 0.6732 0.9582 0.7760 0.4019 0.3690 0.5891 0.7468 0.7963 0.3267 0.4604 0.7197 0.7723 0.3706
48 48
18.5339
0.4612 0.0751 0.9708 0.6486 0.2541 0.3776 0.4193 0.7324 0.8836 0.9443 0.0899 0.7923 0.9298 0.2595 0.7910 0.2879 0.8442 0.5692 0.0523 0.4348 0.8155 0.0242 0.7941 0.3298 0.5493 0.6620 0.5361 0.6278 0.6938 0.2630 0.1047 0.1720 0.5801 0.5919 0.8822 0.9630 0.3383 0.7172 0.8431 0.9710 0.8587 0.7693 0.1281 0.0761 0.1424 0.2316 0.3965 0.6977
2 2
0.3333
0.0000 0.0000
50 50
20.2369
0.4606 0.1572 0.1018 0.2066 0.2244 0.2967 0.3275 0.7206 0.5370 0.0921 0.5119 0.8736 0.1137 0.8043 0.6314 0.6296 0.0261 0.5612 0.2647 0.2197 0.2831 0.8482 0.6672 0.9114 0.8546 0.3521 0.2570 0.9063 0.1757 0.1787 0.8096 0.5833 0.0444 0.7334 0.2638 0.7981 0.7163 0.9292 0.7338 0.1959 0.4115 0.2011 0.0478 0.9876 0.6690 0.4314 0.2095 0.4330 0.6456 0.9938
45 45
17.4248
0.6472 0.6822 0.1902 0.5468 0.0454 0.4710 0.9370 0.9226 0.6243 0.2328 0.0008 0.2336 0.7292 0.9192 0.1254 0.2320 0.4527 0.5748 0.5345 0.9650 0.9155 0.2515 0.4889 0.1353 0.0674 0.7218 0.0801 0.8647 0.5397 0.1529 0.2766 0.0668 0.8163 0.8915 0.9981 0.9194 0.8691 0.8642 0.3507 0.2988 0.9459 0.2158 0.4926 0.5712 0.9742
2 2
0.0000
1.0000 1.0000
45 45
14.9051
0.7837 0.4577 0.7197 0.8282 0.1208 0.6903 0.9477 0.9895 0.2107 0.1777 0.1875 0.5060 0.9531 0.1978 0.1773 0.5858 0.7907 0.6907 0.0639 0.9456 0.2629 0.3212 0.7839 0.7284 0.1650 0.1423 0.7299 0.1390 0.8898 0.9212 0.9292 0.6754 0.1665 0.3283 0.0436 0.5430 0.4670 0.9901 0.5533 0.6702 0.8697 0.9188 0.1388 0.7717 0.2136
50 50
21.8437
0.9563 0.9631 0.5394 0.7998 0.1183 0.4728 0.3306 0.5098 0.7496 0.0752 0.2213 0.6813 0.2854 0.5115 0.4063 0.3280 0.3849 0.5222 0.3308 0.6265 0.6030 0.6167 0.7375 0.8172 0.6469 0.5806 0.1436 0.8287 0.8361 0.6291 0.6850 0.2879 0.0733 0.5242 0.4215 0.3682 0.2135 0.8954 0.1638 0.2467 0.2409 0.2498 0.1675 0.0562 0.5341 0.7551 0.8044 0.4922 0.4984 0.3845
50 50
1.0000
0.3333 0.3333 0.3333 0.3333 0.3333 0.3333 0.3333 0.3333 0.3333 0.3333 0.3333 0.3333 0.3333 0.3333 0.3333 0.3333 0.3333 0.3333 0.3333 0.3333 0.3333 0.3333 0.3333 0.3333 0.3333 0.3333 0.3333 0.3333 0.3333 0.3333 0.3333 0.3333 0.3333 0.3333 0.3333 0.3333 0.3333 0.3333 0.3333 0.3333 0.3333 0.3333 0.3333 0.3333 0.3333 0.3333 0.3333 0.3333 0.3333 0.3333
1 1
0.5000
0.5000
50 50
0.0000
1.0000 1.0000 1.0000 1.0000 1.0000 1.0000 1.0000 1.0000 1.0000 1.0000 1.0000 1.0000 1.0000 1.0000 1.0000 1.0000 1.0000 1.0000 1.0000 1.0000 1.0000 1.0000 1.0000 1.0000 1.0000 1.0000 1.0000 1.0000 1.0000 1.0000 1.0000 1.0000 1.0000 1.0000 1.0000 1.0000 1.0000 1.0000 1.0000 1.0000 1.0000 1.0000 1.0000 1.0000 1.0000 1.0000 1.0000 1.0000 1.0000 1.0000
50 50
18.8575
0.2017 0.5061 0.7756 0.0770 0.5913 0.3280 0.8660 0.0482 0.1278 0.6919 0.2741 0.8150 0.9062 0.7174 0.1462 0.9125 0.3421 0.6721 0.2255 0.8687 0.7844 0.3050 0.8868 0.9420 0.7701 0.4794 0.4651 0.1547 0.7346 0.5204 0.6051 0.3313 0.5845 0.9789 0.7928 0.0921 0.3101 0.7139 0.6576 0.1263 0.6345 0.8327 0.3266 0.5391 0.5053 0.4704 0.4898 0.0344 0.8206 0.7336
49 49
18.8521
0.0964 0.9411 0.4352 0.4419 0.4535 0.5721 0.7505 0.9684 0.8198 0.4279 0.3967 0.5422 0.6274 0.7773 0.2568 0.3744 0.6290 0.0848 0.1731 0.2166 0.3494 0.4105 0.3756 0.3098 0.7306 0.8154 0.8712 0.8988 0.4931 0.9479 0.6243 0.3988 0.6497 0.4867 0.6749 0.9690 0.3685 0.3770 0.1087 0.7888 0.4521 0.3983 0.8533 0.1151 0.6453 0.9589 0.0267 0.4111 0.9514
46 46
17.7209
0.7068 0.6852 0.2516 0.5358 0.0958 0.2885 0.3368 0.8196 0.1331 0.9694 0.0338 0.1882 0.8897 0.9618 0.1497 0.0587 0.6146 0.8627 0.4153 0.5576 0.3295 0.6607 0.8957 0.0519 0.3759 0.6580 0.5415 0.0992 0.4165 0.9186 0.8816 0.1299 0.6900 0.6274 0.4880 0.2131 0.5899 0.7175 0.2206 0.7333 0.1683 0.7711 0.7934 0.7195 0.7632 0.4852
1 1
0.3333
0.5000
49 49
18.5977
0.6814 0.7815 0.2424 0.8837 0.7065 0.9132 0.0685 0.6952 0.7828 0.9314 0.0532 0.3719 0.2467 0.1635 0.5137 0.4340 0.4402 0.9999 0.1682 0.2742 0.2628 0.5347 0.0373 0.6741 0.3333 0.0237 0.5927 0.5205 0.1304 0.5659 0.1395 0.4296 0.1363 0.2951 0.9371 0.4242 0.4220 0.5921 0.4466 0.7533 0.0056 0.9831 0.0996 0.0189 0.3205 0.3740 0.8584 0.4103 0.0477
50 50
0.0000
0.8765 0.8765 0.8765 0.8765 0.8765 0.8765 0.8765 0.8765 0.8765 0.8765 0.8765 0.8765 0.8765 0.8765 0.8765 0.8765 0.8765 0.8765 0.8765 0.8765 0.8765 0.8765 0.8765 0.8765 0.8765 0.8765 0.8765 0.8765 0.8765 0.8765 0.8765 0.8765 0.8765 0.8765 0.8765 0.8765 0.8765 0.8765 0.8765 0.8765 0.8765 0.8765 0.8765 0.8765 0.8765 0.8765 0.8765 0.8765 0.8765 0.8765
47 47
20.7811
0.4289 0.7244 0.7187 0.0747 0.7595 0.4528 0.0814 0.8408 0.8620 0.4022 0.0983 0.9631 0.5662 0.9007 0.2549 0.4836 0.4091 0.0782 0.4836 0.8287 0.8614 0.5604 0.8272 0.0189 0.0244 0.3180 0.3224 0.6645 0.5206 0.2774 0.9081 0.3687 0.3576 0.2406 0.9861 0.4245 0.3771 0.9051 0.9989 0.3041 0.6428 0.0274 0.5889 0.8568 0.1025 0.0653 0.2829
2 2
0.5000
0.5000 0.5000
50 50
0.6901
0.2108 0.3303 0.1761 0.1546 0.1090 0.0770 0.2665 0.0863 0.6986 0.7744 0.2791 0.7742 0.2187 0.0932 0.9926 0.9318 0.8091 0.0507 0.3724 0.3158 0.6196 0.7417 0.9438 0.1224 0.8265 0.8871 0.5154 0.2443 0.6598 0.8733 0.1842 0.0857 0.3483 0.0539 0.3337 0.5160 0.6759 0.5109 0.7205 0.2683 0.7255 0.7951 0.5983 0.9641 0.8928 0.3512 0.2215 0.6915 0.7287 0.8764
47 47
21.0029
0.4267 0.8629 0.1576 0.6402 0.5818 0.4462 0.1434 0.5503 0.8665 0.9686 0.1312 0.8030 0.2258 0.9332 0.5789 0.8601 0.6474 0.5457 0.7905 0.1948 0.0913 0.5246 0.5924 0.7274 0.1942 0.6717 0.8183 0.0712 0.0061 0.2876 0.0039 0.0898 0.8271 0.9514 0.8047 0.7794 0.6349 0.6125 0.6328 0.2748 0.2492 0.7903 0.9484 0.9723 0.4772 0.2091 0.4212
50 50
19.7319
0.6633 0.6841 0.0946 0.5756 0.3701 0.4023 0.0186 0.4077 0.4604 0.3436 0.3024 0.3989 0.5075 0.3030 0.2465 0.9096 0.1285 0.3763 0.0396 0.2511 0.6004 0.4966 0.4419 0.2529 0.8024 0.0501 0.4066 0.3915 0.4451 0.4815 0.3864 0.7348 0.7245 0.1043 0.7730 0.1475 0.7367 0.5048 0.6418 0.1937 0.8143 0.6411 0.3702 0.6932 0.8267 0.5097 0.8540 0.7991 0.2422 0.0296
47 47
24.0075
0.3937 0.1935 0.0494 0.5438 0.8222 0.2678 0.6919 0.5031 0.3536 0.0476 0.9829 0.6342 0.0836 0.2422 0.8026 0.5342 0.2411 0.4057 0.7984 0.8541 0.0074 0.1910 0.4634 0.5916 0.4783 0.2180 0.4812 0.5195 0.3714 0.4841 0.4648 0.5839 0.3059 0.4830 0.0515 0.5494 0.2544 0.4200 0.0664 0.1481 0.8149 0.8076 0.9100 0.0440 0.7724 0.5862 0.3622
50 50
23.6905
0.7041 0.6434 0.0263 0.4685 0.1788 0.1244 0.0234 0.5947 0.9081 0.4682 0.4624 0.7457 0.4135 0.8112 0.0742 0.1767 0.9925 0.6100 0.0789 0.5542 0.5847 0.8990 0.2918 0.5689 0.7964 0.1444 0.8063 0.9639 0.5492 0.3833 0.1684 0.0462 0.3764 0.0136 0.2299 0.3656 0.9148 0.6303 0.0497 0.9117 0.8890 0.5772 0.0064 0.5129 0.5063 0.8731 0.7649 0.5543 0.9162 0.1249
48 48
20.8610
0.9694 0.3652 0.0671 0.7136 0.7579 0.7569 0.7383 0.7401 0.6958 0.2735 0.5077 0.9128 0.2928 0.4466 0.6517 0.3350 0.8931 0.6974 0.4147 0.4857 0.4779 0.7915 0.1271 0.4256 0.2156 0.4488 0.0179 0.2066 0.9348 0.1381 0.4209 0.4323 0.6156 0.0840 0.1498 0.0372 0.4941 0.4030 0.1591 0.3306 0.3327 0.5757 0.3140 0.2950 0.2030 0.7334 0.4179 0.6809
45 45
16.5554
0.1024 0.8282 0.1676 0.6591 0.8086 0.1725 0.1185 0.6207 0.6444 0.1547 0.7891 0.0820 0.5821 0.8812 0.7129 0.5571 0.8334 0.3668 0.4667 0.4296 0.6409 0.2240 0.1375 0.3354 0.0955 0.3717 0.4513 0.9388 0.3316 0.8946 0.2443 0.2906 0.8218 0.3397 0.6178 0.8485 0.9933 0.8733 0.8684 0.8333 0.8650 0.3272 0.4947 0.5075 0.9567
49 49
2.2603
0.2235 0.5509 0.3106 0.7481 0.0852 0.6047 0.4581 0.7932 0.8691 0.0706 0.5347 0.7444 0.2831 0.4266 0.2368 0.3545 0.7809 0.7694 0.4606 0.5165 0.6125 0.5352 0.2017 0.2869 0.0739 0.6857 0.7961 0.5095 0.5154 0.5337 0.4795 0.8354 0.3850 0.4856 0.1679 0.1160 0.2062 0.8491 0.7001 0.8378 0.4379 0.1329 0.6942 0.9229 0.8561 0.7213 0.7064 0.1762 0.6873
45 45
20.9998
0.3584 0.1239 0.6074 0.7640 0.1690 0.6849 0.6539 0.3290 0.1944 0.5055 0.9852 0.6767 0.2857 0.3393 0.8887 0.8204 0.7110 0.4833 0.3122 0.0930 0.2836 0.6699 0.1178 0.9128 0.5820 0.5316 0.3820 0.1967 0.3325 0.1531 0.1753 0.8433 0.1596 0.4556 0.8938 0.8678 0.9740 0.9270 0.3526 0.4844 0.4535 0.1383 0.8692 0.9942 0.3920
47 47
21.7321
0.8222 0.6933 0.1221 0.4302 0.0929 0.1001 0.3651 0.1807 0.4680 0.9731 0.7183 0.5782 0.7863 0.4105 0.4051 0.1283 0.7540 0.8326 0.0203 0.1380 0.3683 0.4834 0.5560 0.0674 0.1967 0.3681 0.6652 0.2039 0.3742 0.3970 0.2246 0.4838 0.8767 0.2870 0.5667 0.8324 0.2969 0.4268 0.4520 0.2305 0.7650 0.3055 0.2058 0.7937 0.2433 0.3027 0.0654
50 50
24.8808
0.0813 0.2454 0.2080 0.2686 0.9241 0.5243 0.2930 0.1242 0.8197 0.4753 0.8407 0.6508 0.0065 0.3074 0.2382 0.9800 0.1518 0.3599 0.7862 0.0829 0.7217 0.1958 0.5720 0.2528 0.0477 0.1681 0.4576 0.2025 0.6920 0.6671 0.6380 0.4944 0.3846 0.1395 0.3260 0.9575 0.3858 0.6416 0.0314 0.0906 0.6732 0.9077 0.4184 0.0055 0.3245 0.3744 0.4430 0.3923 0.3761 0.4825
1 1
0.0000
1.0000
46 46
19.1233
0.8925 0.5652 0.0799 0.4512 0.3265 0.4458 0.7217 0.3878 0.4230 0.4540 0.8505 0.2422 0.0174 0.9204 0.3825 0.8679 0.8416 0.5552 0.3659 0.2087 0.0857 0.5122 0.3985 0.6630 0.3291 0.3349 0.5804 0.1514 0.2048 0.0644 0.8074 0.8114 0.3881 0.9434 0.8525 0.4811 0.1024 0.0905 0.8588 0.6844 0.8874 0.7025 0.2501 0.0209 0.1777 0.3423
46 46
15.5177
0.3025 0.8425 0.4039 0.3382 0.4680 0.0025 0.7208 0.7569 0.0510 0.7082 0.2686 0.4597 0.6000 0.1352 0.5278 0.2170 0.6847 0.2975 0.4244 0.1282 0.9529 0.8379 0.9381 0.0038 0.9249 0.5494 0.6540 0.6121 0.2017 0.8508 0.7576 0.5093 0.7424 0.9955 0.7756 0.3062 0.7910 0.7261 0.9424 0.1217 0.4527 0.2359 0.6669 0.9386 0.7822 0.5105
50 50
17.5264
0.1639 0.0998 0.3778 0.8395 0.0738 0.7482 0.8158 0.8130 0.3920 0.5820 0.3643 0.7862 0.1460 0.7407 0.3087 0.6938 0.1060 0.8034 0.6015 0.7906 0.8328 0.8281 0.9419 0.2712 0.4702 0.0816 0.5296 0.8826 0.0849 0.8054 0.0417 0.5298 0.6798 0.5088 0.2698 0.1028 0.4436 0.5253 0.9900 0.7166 0.4954 0.6560 0.3547 0.1391 0.0072 0.0322 0.7713 0.7355 0.3307 0.5806
45 45
15.9954
0.7617 0.9386 0.4052 0.3871 0.3459 0.5536 0.3705 0.0169 0.8529 0.0594 0.9601 0.3384 0.9454 0.5754 0.5542 0.1353 0.3789 0.0571 0.9907 0.3999 0.9509 0.8594 0.0346 0.4175 0.4767 0.3840 0.8153 0.1466 0.4056 0.7974 0.3882 0.2465 0.8491 0.6034 0.9006 0.1537 0.7361 0.9578 0.1937 0.3409 0.6770 0.3479 0.8677 0.1447 0.6202
50 50
22.4765
0.1153 0.0956 0.8494 0.5801 0.3053 0.0022 0.2031 0.7259 0.8208 0.0029 0.1220 0.0637 0.0313 0.6138 0.6203 0.8500 0.7796 0.5997 0.1348 0.1544 0.6802 0.6419 0.2064 0.7115 0.0168 0.3666 0.9934 0.0000 0.8754 0.2562 0.3268 0.3246 0.7978 0.0041 0.4335 0.5694 0.8338 0.0556 0.9726 0.5461 0.7308 0.1880 0.6713 0.6962 0.6209 0.0572 0.1283 0.1390 0.9253 0.2915
46 46
17.0314
0.3888 0.7566 0.6186 0.6499 0.1150 0.3898 0.8597 0.0779 0.5955 0.9311 0.8316 0.0432 0.2623 0.6925 0.8934 0.1254 0.1220 0.2027 0.4401 0.6219 0.0073 0.2164 0.5098 0.6900 0.2405 0.0125 0.7810 0.5093 0.7651 0.6474 0.9054 0.4361 0.6624 0.8718 0.9275 0.2620 0.1697 0.6185 0.8842 0.6497 0.0103 0.7506 0.6768 0.8109 0.3408 0.2009
50 50
33.3350
0.3333 0.3333 0.3333 0.3333 0.3333 0.3333 0.3333 0.3333 0.3333 0.3333 0.3333 0.3333 0.3333 0.3333 0.3333 0.3333 0.3333 0.3333 0.3333 0.3333 0.3333 0.3333 0.3333 0.3333 0.3333 0.3333 0.3333 0.3333 0.3333 0.3333 0.3333 0.3333 0.3333 0.3333 0.3333 0.3333 0.3333 0.3333 0.3333 0.3333 0.3333 0.3333 0.3333 0.3333 0.3333 0.3333 0.3333 0.3333 0.3333 0.3333
45 45
16.2059
0.3347 0.8359 0.6107 0.0090 0.6740 0.1920 0.0280 0.2449 0.3945 0.4722 0.4853 0.2123 0.2484 0.8159 0.5559 0.7071 0.1447 0.5910 0.5746 0.1397 0.8153 0.8428 0.6884 0.7018 0.1340 0.7867 0.2785 0.2859 0.9924 0.7904 0.6212 0.7100 0.4208 0.5390 0.2819 0.7245 0.8863 0.8612 0.9423 0.2292 0.0631 0.6447 0.5814 0.1764 0.6137
1 1
1.0000
0.0000
45 45
21.4323
0.2142 0.2486 0.8541 0.7525 0.2756 0.4374 0.2542 0.1170 0.4925 0.7983 0.0801 0.0286 0.0372 0.4922 0.8073 0.1418 0.0490 0.9942 0.8453 0.7811 0.4475 0.3490 0.1431 0.4951 0.0027 0.2689 0.5721 0.4700 0.1489 0.1122 0.6961 0.4617 0.5328 0.7249 0.2813 0.0289 0.2574 0.5166 0.0058 0.3148 0.7123 0.9265 0.0846 0.6882 0.3164
45 45
3.5904
0.3448 0.4568 0.5776 0.1272 0.4031 0.7715 0.4972 0.4520 0.1824 0.1847 0.3252 0.4820 0.4244 0.4581 0.4654 0.2692 0.7122 0.8075 0.3655 0.3233 0.7398 0.3892 0.8945 0.3880 0.2361 0.9111 0.5127 0.4465 0.1036 0.5221 0.3028 0.5679 0.9563 0.8268 0.8465 0.2414 0.6942 0.7248 0.6697 0.1720 0.3324 0.3308 0.7976 0.1018 0.3085
46 46
21.0156
0.4033 0.7935 0.1905 0.5815 0.1564 0.8711 0.3143 0.7191 0.8171 0.4808 0.1998 0.1049 0.9199 0.3421 0.0152 0.1268 0.9899 0.0651 0.3058 0.8411 0.1048 0.3889 0.1496 0.3538 0.7165 0.1203 0.2847 0.5324 0.5494 0.4860 0.0896 0.1412 0.7080 0.8540 0.3803 0.1304 0.5453 0.5250 0.6890 0.4649 0.8826 0.4883 0.2680 0.8054 0.4529 0.1967
50 50
17.8292
0.0180 0.3501 0.1474 0.5653 0.8809 0.4620 0.0314 0.6814 0.0968 0.4749 0.2936 0.8477 0.1685 0.6216 0.5473 0.1877 0.0484 0.7275 0.6881 0.6125 0.2079 0.8703 0.5114 0.9316 0.9501 0.3997 0.8871 0.0338 0.5632 0.5108 0.2304 0.9152 0.3591 0.1291 0.3731 0.4479 0.9245 0.1966 0.4570 0.9009 0.7730 0.5917 0.9051 0.5155 0.9793 0.4625 0.6635 0.5892 0.1647 0.4531
48 48
22.6845
0.6860 0.4683 0.3906 0.0173 0.7098 0.5497 0.1731 0.3375 0.3722 0.6735 0.7366 0.8438 0.5535 0.8240 0.1110 0.7059 0.2956 0.9701 0.9148 0.6667 0.7107 0.7914 0.9916 0.0382 0.2719 0.3461 0.4080 0.9354 0.0912 0.5981 0.1898 0.2217 0.2593 0.6375 0.5462 0.4404 0.4869 0.5682 0.8575 0.6149 0.9715 0.5751 0.5319 0.0945 0.8908 0.2516 0.0200 0.6428
50 50
50.0000
0.0000 0.0000 0.0000 0.0000 0.0000 0.0000 0.0000 0.0000 0.0000 0.0000 0.0000 0.0000 0.0000 0.0000 0.0000 0.0000 0.0000 0.0000 0.0000 0.0000 0.0000 0.0000 0.0000 0.0000 0.0000 0.0000 0.0000 0.0000 0.0000 0.0000 0.0000 0.0000 0.0000 0.0000 0.0000 0.0000 0.0000 0.0000 0.0000 0.0000 0.0000 0.0000 0.0000 0.0000 0.0000 0.0000 0.0000 0.0000 0.0000 0.0000
47 47
16.4535
0.3110 0.8307 0.7953 0.6128 0.8124 0.5387 0.7334 0.3272 0.3809 0.5180 0.2539 0.6528 0.3808 0.8342 0.3457 0.6676 0.5440 0.0095 0.3689 0.7523 0.4022 0.0263 0.3419 0.0111 0.0766 0.8571 0.4795 0.7980 0.4674 0.7281 0.2324 0.9833 0.8497 0.1973 0.1395 0.0152 0.6583 0.8743 0.5430 0.8444 0.9195 0.4174 0.5412 0.3750 0.7718 0.1212 0.3931
4 4
0.0001
0.0000 0.0000 0.0000 0.0000
50 50
24.5715
0.4468 0.9757 0.2761 0.0209 0.3303 0.7355 0.4356 0.8978 0.7744 0.6670 0.7271 0.0646 0.2033 0.3427 0.8103 0.8054 0.8889 0.4290 0.1879 0.5011 0.2712 0.2256 0.5233 0.9643 0.8475 0.6844 0.3697 0.4539 0.7786 0.7841 0.1381 0.1524 0.0813 0.3839 0.0125 0.6279 0.0287 0.2514 0.8170 0.5198 0.2723 0.4285 0.0359 0.8222 0.9394 0.2883 0.4241 0.7062 0.8177 0.2410
50 50
17.9583
0.8812 0.0698 0.6599 0.0374 0.4016 0.7907 0.6561 0.3696 0.4073 0.8153 0.6616 0.0431 0.7712 0.2731 0.4856 0.9684 0.2013 0.9880 0.7394 0.3087 0.2645 0.0107 0.3637 0.6628 0.3592 0.8681 0.5223 0.9221 0.7030 0.5688 0.0253 0.6244 0.6242 0.6237 0.1411 0.4369 0.2315 0.1250 0.4865 0.2789 0.5109 0.9078 0.7144 0.9337 0.8209 0.1579 0.8178 0.0240 0.7330 0.0058
50 50
18.0884
0.5780 0.6142 0.0253 0.8912 0.4891 0.0776 0.3947 0.8132 0.1932 0.9590 0.6208 0.7990 0.1018 0.2596 0.3612 0.5246 0.4381 0.3052 0.7383 0.6746 0.3876 0.2528 0.2786 0.1203 0.2432 0.0341 0.7548 0.8555 0.3718 0.0122 0.1864 0.0434 0.6909 0.0911 0.8566 0.4692 0.5401 0.8130 0.6261 0.6380 0.3167 0.1234 0.2428 0.6611 0.9111 0.9815 0.2664 0.4465 0.9941 0.5311
45 45
17.5845
0.3562 0.4777 0.6560 0.8034 0.2689 0.9868 0.7080 0.3758 0.1879 0.2109 0.1201 0.1605 0.2802 0.1851 0.8594 0.3516 0.3612 0.5689 0.8203 0.5266 0.0133 0.4275 0.5519 0.4509 0.3063 0.3660 0.7024 0.8025 0.5974 0.7498 0.8270 0.5515 0.6106 0.4290 0.6829 0.1308 0.2456 0.4353 0.8748 0.9400 0.6716 0.7315 0.1824 0.2938 0.9322
46 46
19.2393
0.2574 0.2112 0.5903 0.1151 0.8486 0.8372 0.1160 0.0978 0.4990 0.3811 0.2652 0.4540 0.6447 0.8787 0.8722 0.3358 0.7763 0.2010 0.0959 0.4327 0.2820 0.4083 0.5414 0.9028 0.9013 0.3029 0.4142 0.5262 0.9050 0.4085 0.1880 0.8097 0.8737 0.5527 0.9109 0.2374 0.9603 0.7102 0.3863 0.4060 0.0961 0.5326 0.8643 0.3902 0.9558 0.0276
46 46
17.5241
0.0697 0.4329 0.7512 0.5336 0.2807 0.2029 0.3597 0.1774 0.1492 0.7170 0.3505 0.3290 0.3156 0.8044 0.7751 0.3248 0.5920 0.6048 0.1416 0.0002 0.4887 0.0466 0.8862 0.6079 0.7660 0.7244 0.6139 0.8122 0.4617 0.6183 0.8362 0.5664 0.2032 0.0039 0.2783 0.8325 0.6811 0.2939 0.7109 0.9866 0.8121 0.2119 0.3673 0.9014 0.8191 0.7820
50 50
0.0000
0.0000 0.0000 0.0000 0.0000 0.0000 0.0000 0.0000 0.0000 0.0000 0.0000 0.0000 0.0000 0.0000 0.0000 0.0000 0.0000 0.0000 0.0000 0.0000 0.0000 0.0000 0.0000 0.0000 0.0000 0.0000 0.0000 0.0000 0.0000 0.0000 0.0000 0.0000 0.0000 0.0000 0.0000 0.0000 0.0000 0.0000 0.0000 0.0000 0.0000 0.0000 0.0000 0.0000 0.0000 0.0000 0.0000 0.0000 0.0000 0.0000 0.0000
48 48
22.8353
0.8614 0.4571 0.1547 0.6383 0.7047 0.8979 0.0624 0.5070 0.9322 0.9453 0.3373 0.8869 0.1572 0.3501 0.3566 0.4836 0.0815 0.4504 0.7153 0.4569 0.6284 0.2610 0.1067 0.3132 0.3964 0.3416 0.0085 0.1851 0.2030 0.2816 0.6520 0.7670 0.3893 0.7966 0.8758 0.1945 0.2047 0.9686 0.7542 0.8739 0.9240 0.9542 0.6237 0.2432 0.8435 0.4765 0.8797 0.0392
1 1
0.3333
0.0000
50 50
0.0049
0.9999 0.9999 0.9999 0.9999 0.9999 0.9999 0.9999 0.9999 0.9999 0.9999 0.9999 0.9999 0.9999 0.9999 0.9999 0.9999 0.9999 0.9999 0.9999 0.9999 0.9999 0.9999 0.9999 0.9999 0.9999 0.9999 0.9999 0.9999 0.9999 0.9999 0.9999 0.9999 0.9999 0.9999 0.9999 0.9999 0.9999 0.9999 0.9999 0.9999 0.9999 0.9999 0.9999 0.9999 0.9999 0.9999 0.9999 0.9999 0.9999 0.9999
49 49
16.4559
0.1020 0.4054 0.7435 0.3293 0.1986 0.5210 0.3528 0.7418 0.3090 0.8542 0.9264 0.7127 0.9642 0.1123 0.8158 0.6869 0.2643 0.7228 0.6929 0.3111 0.6558 0.5070 0.3516 0.9886 0.2759 0.6029 0.8753 0.2611 0.7266 0.3306 0.5319 0.6124 0.4876 0.7574 0.0136 0.3754 0.4050 0.3505 0.7331 0.0380 0.6358 0.1568 0.2223 0.2603 0.8718 0.7518 0.3348 0.7660 0.2433
46 46
22.2533
0.6940 0.5332 0.5639 0.1178 0.1334 0.0991 0.5207 0.1217 0.3399 0.4795 0.9963 0.0948 0.5840 0.5419 0.1840 0.1068 0.9039 0.7898 0.7912 0.8976 0.0690 0.6942 0.3071 0.7508 0.2272 0.7155 0.5191 0.5325 0.7845 0.0204 0.1762 0.8967 0.0119 0.8018 0.9135 0.7477 0.3764 0.6266 0.1003 0.2653 0.8923 0.8810 0.8655 0.2366 0.3357 0.1103
50 50
1.0000
0.0000 0.0000 0.0000 0.0000 0.0000 0.0000 0.0000 0.0000 0.0000 0.0000 0.0000 0.0000 0.0000 0.0000 0.0000 0.0000 0.0000 0.0000 0.0000 0.0000 0.0000 0.0000 0.0000 0.0000 0.0000 0.0000 0.0000 0.0000 0.0000 0.0000 0.0000 0.0000 0.0000 0.0000 0.0000 0.0000 0.0000 0.0000 0.0000 0.0000 0.0000 0.0000 0.0000 0.0000 0.0000 0.0000 0.0000 0.0000 0.0000 0.0000
47 47
18.2206
0.6253 0.7972 0.2741 0.4929 0.7896 0.3718 0.4805 0.2703 0.8462 0.3832 0.5356 0.5718 0.9230 0.9411 0.6920 0.0425 0.2099 0.2857 0.3529 0.3993 0.1202 0.1501 0.0283 0.5065 0.9621 0.4194 0.9028 0.5275 0.9103 0.1624 0.5195 0.4437 0.8388 0.1233 0.8041 0.2648 0.4176 0.3941 0.9139 0.0808 0.0551 0.4104 0.4962 0.3440 0.5552 0.4306 0.2188
47 47
19.1220
0.4167 0.2697 0.8042 0.1329 0.1150 0.1361 0.8331 0.6267 0.3441 0.2540 0.5805 0.9177 0.5730 0.1710 0.9670 0.2247 0.6607 0.0119 0.2700 0.2802 0.4567 0.6448 0.6878 0.8853 0.1915 0.9169 0.9284 0.1210 0.8877 0.0394 0.2466 0.0582 0.2336 0.8808 0.5447 0.1091 0.6122 0.9113 0.0984 0.1824 0.9684 0.4059 0.8982 0.4497 0.9215 0.8131 0.2884
47 47
2.2784
0.9770 0.1427 0.1664 0.5519 0.9056 0.1277 0.9042 0.6483 0.1637 0.7958 0.6506 0.5550 0.4923 0.4354 0.1259 0.6852 0.6562 0.0239 0.1005 0.6641 0.8840 0.3084 0.1902 0.7511 0.6587 0.0708 0.8489 0.8419 0.2346 0.4495 0.7586 0.1305 0.3204 0.9963 0.1028 0.7939 0.2816 0.8193 0.1370 0.1539 0.8278 0.3553 0.8156 0.9917 0.9460 0.3364 0.3635
47 47
0.5837
0.3602 0.6696 0.5646 0.7999 0.7741 0.8867 0.7335 0.2916 0.3950 0.0082 0.9137 0.6131 0.8463 0.7619 0.5956 0.3682 0.5064 0.4096 0.2637 0.8207 0.9918 0.8283 0.2976 0.8177 0.2756 0.8003 0.5026 0.7970 0.1213 0.8738 0.4740 0.3154 0.5373 0.6048 0.0304 0.7012 0.1457 0.1291 0.0343 0.6248 0.5603 0.9160 0.6586 0.3793 0.4186 0.4499 0.7167
50 50
19.5840
0.1081 0.3222 0.2408 0.4431 0.1933 0.4203 0.2879 0.1249 0.8643 0.4129 0.5410 0.6629 0.3552 0.4701 0.6339 0.2664 0.6154 0.2623 0.5437 0.1830 0.2101 0.0124 0.1396 0.2174 0.6364 0.6868 0.9851 0.0113 0.7396 0.1276 0.9923 0.5227 0.6551 0.0743 0.8996 0.3984 0.0832 0.7032 0.9315 0.5068 0.8028 0.6200 0.0547 0.1366 0.4963 0.8144 0.9213 0.1111 0.6805 0.7199
45 45
17.0615
0.6701 0.1372 0.6245 0.8032 0.9113 0.6908 0.5890 0.3846 0.1456 0.8938 0.7683 0.2925 0.6062 0.7544 0.6900 0.4715 0.6739 0.0586 0.6965 0.4214 0.8153 0.6414 0.9391 0.9230 0.1109 0.5870 0.9652 0.0214 0.0480 0.7262 0.5294 0.5545 0.4331 0.1263 0.5305 0.7088 0.6767 0.6839 0.8526 0.5643 0.4745 0.6894 0.2397 0.4104 0.7451
45 45
15.4578
0.4773 0.8742 0.2395 0.1549 0.8405 0.8387 0.6361 0.0875 0.6561 0.1088 0.5728 0.3160 0.3466 0.6775 0.4735 0.4677 0.9076 0.2614 0.5759 0.9985 0.7528 0.0835 0.6175 0.3990 0.1706 0.6789 0.1744 0.7149 0.4661 0.3805 0.8261 0.1136 0.8207 0.4797 0.3029 0.8121 0.1607 0.9004 0.9779 0.1623 0.1652 0.9707 0.7514 0.8723 0.2322
48 48
18.5307
0.1009 0.9942 0.2999 0.2867 0.9005 0.5954 0.8945 0.4007 0.0677 0.4690 0.0646 0.4684 0.1823 0.2531 0.8742 0.4276 0.4633 0.1081 0.3391 0.8251 0.5874 0.4873 0.3937 0.5976 0.4026 0.0868 0.6460 0.0208 0.3345 0.5696 0.6761 0.0984 0.7719 0.6004 0.9990 0.1450 0.0240 0.8010 0.2832 0.4073 0.6534 0.3919 0.3946 0.9048 0.3969 0.8485 0.7991 0.2959
50 50
0.0000
0.9999 0.9999 0.9999 0.9999 0.9999 0.9999 0.9999 0.9999 0.9999 0.9999 0.9999 0.9999 0.9999 0.9999 0.9999 0.9999 0.9999 0.9999 0.9999 0.9999 0.9999 0.9999 0.9999 0.9999 0.9999 0.9999 0.9999 0.9999 0.9999 0.9999 0.9999 0.9999 0.9999 0.9999 0.9999 0.9999 0.9999 0.9999 0.9999 0.9999 0.9999 0.9999 0.9999 0.9999 0.9999 0.9999 0.9999 0.9999 0.9999 0.9999
46 46
16.7714
0.2939 0.2551 0.4021 0.9119 0.4371 0.5773 0.4335 0.2935 0.8123 0.0785 0.4385 0.1483 0.0868 0.2002 0.4264 0.4386 0.0329 0.9906 0.8092 0.1482 0.6143 0.0267 0.0596 0.5345 0.8622 0.2711 0.1759 0.1096 0.9082 0.0276 0.7707 0.4820 0.4261 0.8674 0.9043 0.4064 0.7956 0.8480 0.3987 0.3827 0.2400 0.2695 0.9923 0.6779 0.1924 0.8569
48 48
20.0036
0.2920 0.3944 0.4856 0.5128 0.5725 0.4620 0.6008 0.5032 0.0815 0.4327 0.1028 0.4517 0.3277 0.8601 0.6764 0.5005 0.6330 0.3709 0.2049 0.1383 0.3744 0.3194 0.0908 0.9071 0.8870 0.5910 0.9279 0.4729 0.1741 0.7654 0.1945 0.9041 0.3263 0.3255 0.7795 0.5192 0.2195 0.2479 0.2211 0.3157 0.8432 0.7714 0.3195 0.3223 0.3635 0.1049 0.3072 0.4490
47 47
20.4845
0.5118 0.3911 0.2186 0.6913 0.8223 0.8630 0.9667 0.5128 0.2906 0.2926 0.9524 0.3293 0.8060 0.8054 0.8108 0.7821 0.0597 0.1465 0.9316 0.4628 0.3456 0.3387 0.9900 0.6838 0.3001 0.2329 0.4574 0.2770 0.9492 0.6640 0.1030 0.0533 0.7774 0.6499 0.9683 0.7508 0.4327 0.1934 0.0485 0.2947 0.8259 0.9858 0.8486 0.5704 0.5649 0.3286 0.7193
45 45
18.2475
0.5422 0.4780 0.2557 0.0203 0.7702 0.1653 0.1684 0.3691 0.6667 0.5554 0.3281 0.5776 0.3226 0.1948 0.9297 0.1027 0.8912 0.1049 0.9177 0.7450 0.8170 0.9854 0.7579 0.6574 0.8693 0.3895 0.9559 0.9837 0.4068 0.5797 0.3381 0.7267 0.1508 0.7973 0.8667 0.9542 0.0933 0.0117 0.4203 0.0345 0.7194 0.2644 0.4272 0.7613 0.1797
47 47
17.4082
0.5868 0.7171 0.6534 0.9322 0.6484 0.3560 0.7175 0.1619 0.7960 0.8605 0.3129 0.0102 0.2648 0.9628 0.0316 0.2911 0.9403 0.4164 0.1357 0.7770 0.7243 0.5076 0.3212 0.0569 0.7048 0.3920 0.0031 0.6768 0.8538 0.5438 0.3876 0.6251 0.9112 0.3480 0.2319 0.3288 0.8045 0.5911 0.7409 0.7969 0.4850 0.5122 0.2726 0.2363 0.4170 0.4081 0.4572
49 49
18.4509
0.5214 0.9690 0.2182 0.3464 0.3674 0.2589 0.4869 0.9748 0.7419 0.0139 0.9866 0.7496 0.5412 0.5314 0.8827 0.2549 0.5616 0.4096 0.9861 0.6679 0.4385 0.8163 0.5046 0.0542 0.0944 0.1567 0.6123 0.1932 0.9764 0.7929 0.5455 0.5647 0.8012 0.9432 0.2329 0.8536 0.8714 0.8517 0.6881 0.9226 0.6427 0.0948 0.6687 0.9926 0.1712 0.9080 0.0560 0.0977 0.4252
48 48
19.3553
0.4554 0.7026 0.1276 0.4121 0.8576 0.5752 0.7723 0.5379 0.7280 0.5579 0.0876 0.6704 0.5140 0.4739 0.4004 0.9835 0.5637 0.4851 0.2951 0.3005 0.1629 0.9540 0.9814 0.3130 0.7266 0.2574 0.8370 0.7946 0.3484 0.4802 0.8570 0.8982 0.6196 0.9992 0.4695 0.1072 0.4603 0.1023 0.6815 0.3766 0.6727 0.3535 0.3876 0.5388 0.9831 0.1585 0.7605 0.6288
46 46
18.4704
0.4771 0.4750 0.3130 0.0795 0.4317 0.9417 0.6738 0.1430 0.8645 0.9995 0.3063 0.5218 0.2939 0.5655 0.7079 0.7584 0.3440 0.3219 0.4347 0.1056 0.1707 0.2536 0.5239 0.0251 0.7754 0.4357 0.9548 0.3569 0.0941 0.6706 0.1053 0.4149 0.8665 0.2795 0.1312 0.5218 0.5466 0.4314 0.8025 0.7364 0.0524 0.4352 0.0344 0.1923 0.4733 0.3580
49 49
16.1236
0.3308 0.9908 0.3187 0.2199 0.6480 0.6618 0.9849 0.6439 0.2259 0.5501 0.4882 0.8676 0.6719 0.3194 0.7786 0.1795 0.2025 0.5124 0.3140 0.3718 0.8410 0.6857 0.4320 0.3401 0.0711 0.2219 0.6041 0.4455 0.8724 0.2328 0.6299 0.9492 0.8037 0.2570 0.8349 0.5724 0.4301 0.6710 0.5562 0.4222 0.5529 0.4237 0.3855 0.3556 0.0937 0.9758 0.0389 0.9577 0.8005
46 46
21.2936
0.9678 0.8695 0.4751 0.2238 0.6455 0.1218 0.5894 0.5344 0.9920 0.7755 0.1345 0.4143 0.0468 0.5870 0.4889 0.1466 0.4638 0.4438 0.4247 0.1355 0.5685 0.3614 0.9026 0.2321 0.8809 0.1313 0.3215 0.3543 0.7155 0.6283 0.0622 0.0696 0.9118 0.4104 0.3230 0.1426 0.2737 0.4883 0.6568 0.6052 0.2428 0.5449 0.7998 0.9132 0.0771 0.5664
47 47
19.4577
0.1920 0.6233 0.3076 0.8356 0.2472 0.9559 0.0109 0.4736 0.5342 0.7119 0.8291 0.4954 0.0618 0.2806 0.8060 0.5090 0.2423 0.1116 0.4832 0.4426 0.4406 0.5594 0.6419 0.4643 0.8418 0.4945 0.2782 0.6905 0.8832 0.0652 0.3791 0.7769 0.6414 0.8167 0.3036 0.0189 0.4066 0.5066 0.8323 0.4805 0.4233 0.4964 0.7936 0.0849 0.0414 0.2696 0.6788
50 50
23.5711
0.6685 0.7336 0.6356 0.8657 0.4474 0.6199 0.2115 0.6283 0.5691 0.7694 0.6187 0.4763 0.8853 0.3091 0.2877 0.9192 0.5769 0.6815 0.3279 0.8482 0.9571 0.4094 0.0250 0.1195 0.3220 0.4245 0.4398 0.1656 0.3495 0.8831 0.7454 0.6292 0.9630 0.0680 0.0062 0.6084 0.7526 0.9485 0.1788 0.3056 0.7966 0.1391 0.4780 0.0190 0.9636 0.5838 0.2663 0.2539 0.5818 0.5730
46 46
15.3178
0.5897 0.9151 0.3624 0.9775 0.3503 0.7654 0.4088 0.0371 0.0489 0.5065 0.4552 0.9248 0.4689 0.3398 0.8188 0.6627 0.7261 0.7800 0.2368 0.9208 0.8819 0.2369 0.3245 0.4983 0.5769 0.6913 0.5532 0.1273 0.0786 0.4796 0.5097 0.5988 0.6527 0.2354 0.1501 0.0460 0.2835 0.2427 0.6002 1.0000 0.7007 0.6448 0.6797 0.5978 0.4426 0.8244
50 50
0.0050
0.9999 0.9999 0.9999 0.9999 0.9999 0.9999 0.9999 0.9999 0.9999 0.9999 0.9999 0.9999 0.9999 0.9999 0.9999 0.9999 0.9999 0.9999 0.9999 0.9999 0.9999 0.9999 0.9999 0.9999 0.9999 0.9999 0.9999 0.9999 0.9999 0.9999 0.9999 0.9999 0.9999 0.9999 0.9999 0.9999 0.9999 0.9999 0.9999 0.9999 0.9999 0.9999 0.9999 0.9999 0.9999 0.9999 0.9999 0.9999 0.9999 0.9999
2 2
0.3333
0.5000 0.5000
48 48
17.5034
0.5856 0.2534 0.4100 0.3976 0.4626 0.0370 0.9333 0.8706 0.7094 0.4471 0.9230 0.7289 0.3168 0.7828 0.0196 0.3490 0.8388 0.5931 0.1541 0.4882 0.8760 0.9895 0.2860 0.0570 0.9148 0.4822 0.1865 0.2772 0.2558 0.3921 0.7328 0.9419 0.4268 0.5270 0.8039 0.6513 0.2619 0.8341 0.6308 0.5710 0.2719 0.4513 0.9833 0.2946 0.0730 0.1936 0.7613 0.4299
47 47
22.2452
0.5004 0.2196 0.5454 0.4247 0.7072 0.2296 0.3713 0.1106 0.7202 0.6910 0.7021 0.8267 0.5097 0.7824 0.4548 0.0766 0.2730 0.7039 0.3922 0.0239 0.7635 0.0934 0.6925 0.1882 0.6004 0.1329 0.2402 0.0422 0.4770 0.5025 0.1305 0.6143 0.4222 0.1540 0.5068 0.4515 0.3960 0.3622 0.0434 0.4472 0.7364 0.2989 0.9861 0.7001 0.5193 0.3731 0.3718
47 47
19.0811
0.1067 0.7003 0.2317 0.7603 0.0311 0.6078 0.4921 0.5449 0.4262 0.1331 0.3510 0.9607 0.6648 0.7742 0.2206 0.7664 0.8689 0.2515 0.3341 0.5347 0.5936 0.0579 0.6119 0.7107 0.9916 0.0412 0.4361 0.6199 0.3689 0.4949 0.2638 0.1675 0.8425 0.6352 0.3214 0.8774 0.7504 0.0104 0.7237 0.5918 0.6504 0.7191 0.5927 0.2148 0.0890 0.3908 0.5239
