250
464 246
423 90
116 178
283 474
42 489
200 77
399 413
144 416
164 474
339 331
386 295
191 89
321 146
418 428
12 170
444 329
268 220
419 384
398 55
359 292
396 59
369 147
324 365
415 488
191 255
319 78
50 362
19 372
8 289
152 372
459 448
201 228
168 473
464 418
380 323
63 128
234 284
276 58
150 43
46 193
150 217
271 53
79 142
277 439
431 429
312 243
229 365
323 250
190 287
20 70
463 83
199 49
220 327
108 222
370 6
415 373
76 39
426 7
181 203
447 465
484 111
60 65
476 383
315 167
22 336
89 337
271 288
387 491
467 347
65 190
353 481
63 281
20 341
289 53
44 88
370 380
199 430
445 175
165 261
194 40
449 284
377 220
424 264
64 392
111 129
434 317
462 497
450 334
338 239
240 234
327 110
114 378
393 411
54 410
172 100
450 473
236 180
46 161
296 462
405 260
91 339
429 406
188 379
240 378
119 332
112 298
295 78
177 188
489 83
450 14
183 253
487 420
433 385
433 81
347 338
341 291
29 270
197 217
2 289
95 121
122 59
271 417
137 448
457 478
383 407
492 67
12 332
339 445
69 124
379 417
462 220
208 491
343 257
60 345
46 7
318 20
66 441
289 55
390 246
33 125
6 378
44 18
62 383
316 131
359 195
48 321
267 108
164 462
365 76
159 264
83 329
136 149
204 13
24 90
138 382
320 183
253 382
418 421
13 278
116 414
451 235
374 468
198 240
44 357
356 128
187 344
129 458
122 186
323 499
276 461
381 96
144 486
330 63
407 343
341 375
109 144
111 484
112 161
76 157
370 284
137 57
128 266
367 251
452 190
250 80
152 483
176 148
322 6
202 404
457 163
49 420
147 13
170 451
359 307
361 488
426 80
459 275
28 487
275 350
346 339
432 400
243 241
63 144
161 211
158 94
138 180
397 498
340 258
338 266
339 429
144 462
474 455
89 2
295 364
205 141
203 489
393 299
230 456
295 243
19 305
337 158
486 234
156 326
345 494
444 184
275 440
498 101
396 439
455 43
155 12
36 359
1 429
10 83
385 157
326 405
463 163
250 71
479 95
417 423
131 44
363 481
145 111
420 452
154 75
465 42
286 318
471 148
402 357
306 80
114 121

