1000
11 5 82
93 68 55
59 8 29
85 74 65
38 42 11
13 46 10
82 24 95
1 69 27
97 70 4
37 13 100
44 5 97
19 67 40
80 15 95
59 22 76
19 15 33
72 69 8
28 95 81
6 10 20
46 74 16
78 28 15
2 35 88
32 67 10
64 38 29
67 3 26
0 99 43
96 33 27
45 62 57
59 96 91
7 13 96
56 30 6
100 28 10
87 5 14
91 48 60
48 48 69
15 27 85
17 52 13
65 18 82
60 83 20
53 6 61
21 17 22
35 43 32
61 11 97
91 47 20
82 42 37
82 87 30
68 94 26
95 92 84
53 52 65
52 96 17
33 34 86
22 54 16
94 41 86
39 62 19
73 60 73
83 62 4
75 40 70
3 83 27
36 41 40
75 18 15
26 7 46
90 67 82
90 77 46
13 66 1
17 75 28
78 21 43
52 71 59
83 98 82
88 27 3
93 73 82
95 59 36
98 29 77
48 69 67
49 2 81
15 100 82
85 7 21
84 18 41
25 61 69
60 86 100
16 11 38
32 81 7
66 20 11
38 27 52
55 32 37
55 48 15
52 79 95
84 95 42
89 80 24
91 65 22
30 25 5
87 78 17
17 17 24
34 72 48
75 63 74
14 59 83
64 85 30
99 41 62
12 65 66
52 44 12
100 55 38
25 47 39
5 66 37
95 11 94
21 1 14
63 93 100
74 27 60
58 27 76
1 97 39
6 33 77
17 79 13
56 48 75
34 59 57
25 23 43
98 42 24
51 61 55
31 80 31
75 96 31
93 91 57
21 57 20
34 10 100
91 88 3
58 91 89
15 28 37
52 60 75
58 85 42
67 83 21
24 98 37
100 98 41
53 70 66
35 99 22
32 43 54
0 32 79
6 23 99
79 67 41
98 80 87
4 17 11
60 2 68
36 86 34
9 78 90
87 22 56
67 43 16
85 55 91
22 95 30
43 9 84
38 18 100
97 83 99
19 53 6
100 84 72
59 31 96
30 83 16
45 24 72
44 7 12
24 84 57
57 76 70
69 26 21
64 25 83
30 74 67
54 73 68
70 35 40
90 78 19
0 92 67
39 39 55
16 74 2
38 13 28
36 87 6
64 96 55
76 5 76
85 71 33
84 58 8
28 81 52
79 7 62
8 2 87
4 79 33
85 67 94
61 87 41
64 88 26
68 82 88
26 57 61
14 60 30
3 75 98
36 64 15
72 84 72
79 6 20
32 46 61
39 68 98
20 14 88
0 55 55
20 18 1
2 93 86
60 52 78
37 21 1
67 12 75
32 38 20
58 36 22
63 90 6
91 61 19
24 29 11
17 53 33
34 92 25
30 61 23
41 88 72
60 5 38
36 67 58
44 27 57
57 10 21
31 9 89
79 6 30
53 97 9
77 46 98
5 74 9
47 12 95
21 88 44
82 19 81
85 12 5
56 92 59
27 6 1
46 25 23
55 12 25
0 27 62
11 97 8
7 29 92
54 12 86
55 98 32
22 61 99
25 17 18
25 69 7
8 13 21
94 20 21
71 81 41
22 4 96
94 30 67
74 35 78
55 71 46
43 89 76
26 20 90
57 26 71
74 83 52
22 84 76
19 32 69
38 18 74
33 24 78
53 92 12
37 2 41
66 43 12
27 39 58
62 67 78
28 44 77
18 28 91
24 8 15
42 25 39
43 99 74
67 5 11
39 62 18
7 55 85
79 69 11
33 84 61
55 68 37
44 26 6
23 68 11
16 10 4
60 81 24
51 9 46
43 54 4
80 33 25
31 83 25
44 68 69
7 62 58
12 55 55
77 76 20
58 18 38
17 46 54
55 82 21
75 28 25
79 26 26
18 75 8
90 48 65
77 65 16
84 79 64
86 67 92
1 54 73
90 24 63
25 25 97
21 53 4
68 55 29
88 98 54
67 54 42
35 62 33
62 86 17
58 99 46
45 4 63
74 76 22
76 9 32
80 66 44
76 82 99
14 65 87
68 76 65
2 59 23
14 84 31
1 13 64
52 37 89
54 8 62
89 8 11
63 75 34
15 87 67
79 91 11
59 60 85
81 3 94
75 52 73
74 73 98
100 9 27
0 2 42
4 45 66
80 46 30
44 35 57
4 84 60
4 64 60
63 42 23
56 35 42
41 97 68
81 38 96
84 93 54
0 44 99
100 1 1
66 90 100
78 13 34
0 54 4
70 15 34
83 21 71
99 99 99
52 27 3
34 64 3
8 47 90
95 53 33
66 26 38
66 96 69
70 29 55
49 18 95
74 35 91
23 35 44
31 10 68
26 54 1
13 42 34
30 65 81
18 75 3
29 71 99
95 85 18
94 53 82
48 46 58
40 58 61
20 94 40
93 26 48
24 81 77
18 18 95
5 42 25
73 9 85
22 15 99
99 35 58
84 5 4
33 36 11
80 32 67
38 15 17
66 89 30
29 11 42
58 20 9
33 56 65
74 98 45
83 83 38
29 23 13
28 96 15
25 43 2
73 94 45
17 26 74
29 75 87
76 23 47
1 90 31
13 98 74
74 32 16
57 92 78
73 7 6
53 86 23
7 52 70
55 94 1
78 31 43
11 78 3
97 48 53
58 90 100
93 21 57
13 78 5
100 26 16
61 85 22
12 85 59
99 62 71
75 30 25
36 65 62
14 78 60
34 27 91
37 62 67
73 79 96
52 29 5
100 74 54
83 53 23
60 100 78
61 58 61
98 31 67
32 15 55
76 45 72
55 83 24
68 47 78
100 68 14
20 56 46
82 47 30
89 74 71
76 87 22
24 89 95
97 14 17
51 26 61
49 37 81
60 57 42
36 69 53
38 6 39
96 100 18
87 57 12
28 13 37
62 48 83
10 34 81
76 10 62
33 39 73
17 73 94
97 44 60
3 22 39
51 66 33
19 54 59
87 70 20
42 91 58
95 62 96
37 29 63
94 75 65
92 31 9
76 21 60
76 27 10
69 25 52
73 4 82
2 48 25
74 9 58
40 79 88
53 80 34
29 94 95
76 85 40
17 32 44
98 39 27
50 69 97
73 93 3
1 23 28
54 18 72
29 37 5
81 40 43
94 30 1
10 22 55
67 1 56
65 19 26
7 38 80
12 8 16
41 31 52
73 43 35
20 71 63
100 89 76
72 83 63
70 59 36
97 88 98
55 37 9
33 18 17
35 35 60
2 9 3
96 80 66
41 97 37
40 5 31
8 7 32
66 19 66
51 32 31
67 7 97
56 22 38
84 30 23
48 100 27
35 68 35
34 9 32
23 74 80
67 60 99
5 92 68
27 65 77
55 2 71
85 85 71
85 33 65
13 17 1
46 13 17
46 83 61
47 71 80
64 81 11
95 95 17
12 33 57
73 81 29
86 89 75
99 26 64
76 78 55
16 93 89
34 74 94
21 94 36
10 34 82
61 34 14
37 92 57
65 89 98
10 37 85
61 12 61
75 76 37
24 64 84
28 1 34
38 55 3
32 98 7
21 63 84
61 71 58
13 28 46
84 79 77
78 92 39
63 97 5
11 30 40
83 27 46
81 69 83
53 66 72
93 61 47
13 82 4
16 43 68
57 41 42
97 7 12
68 23 92
80 5 56
63 5 13
82 89 7
30 64 33
40 31 94
27 81 7
54 69 77
54 53 91
8 61 41
72 17 12
32 27 27
81 64 71
9 67 98
54 93 10
70 16 5
51 52 94
100 63 3
19 71 93
75 46 17
87 37 36
15 72 4
91 59 33
98 13 29
72 82 11
34 16 89
11 73 54
5 47 9
71 59 9
44 52 32
10 28 72
91 35 47
31 57 62
71 86 34
38 86 11
14 19 22
50 22 39
71 75 25
75 12 4
100 89 96
16 58 27
78 56 13
6 45 79
67 10 77
41 85 26
78 28 94
46 13 25
82 45 77
29 21 89
55 77 36
21 80 63
84 32 46
28 37 95
72 96 80
54 70 59
20 24 95
99 97 98
3 96 47
69 77 100
1 7 59
5 100 52
93 28 75
19 38 41
3 98 22
96 97 9
75 97 59
72 15 93
18 66 28
33 61 4
82 28 71
62 17 11
39 5 87
55 71 19
4 99 34
49 35 2
68 88 23
16 97 9
10 87 38
43 81 99
86 23 47
79 48 79
50 36 93
1 23 57
49 42 78
30 9 85
75 36 52
63 18 95
83 77 98
40 47 81
67 45 84
91 74 34
95 22 15
82 35 76
29 72 80
15 81 30
52 33 14
14 46 40
38 68 94
2 94 46
100 97 2
94 54 91
33 55 85
37 87 64
7 56 41
24 66 29
50 27 13
79 8 72
20 2 14
86 15 32
52 39 2
36 93 63
38 87 35
33 6 28
30 60 84
77 18 99
22 34 52
35 9 73
19 32 19
22 89 58
79 94 60
31 37 19
48 62 3
43 24 79
97 16 13
22 88 73
28 62 38
38 36 53
67 23 25
53 48 96
72 21 28
17 43 82
73 29 39
55 65 61
90 63 36
49 79 11
90 16 86
93 62 100
39 12 84
0 89 69
82 56 91
46 100 80
1 28 70
34 67 6
95 33 26
42 93 63
25 54 15
19 25 7
81 30 41
79 46 84
13 47 81
28 89 30
59 30 79
55 80 45
66 96 69
36 4 21
5 95 26
99 77 4
55 84 13
59 83 100
32 47 87
62 87 92
23 5 33
55 58 79
75 68 11
89 11 13
41 67 73
91 9 77
35 71 80
31 43 35
0 34 29
47 27 41
66 69 9
98 69 74
49 11 58
99 61 22
36 42 44
79 100 64
70 67 75
87 21 91
97 96 54
77 67 94
68 85 59
52 22 97
65 42 19
80 25 64
6 56 93
88 7 40
54 13 86
45 3 87
25 18 17
0 53 42
60 29 94
11 99 88
1 12 64
95 88 7
72 73 82
67 77 35
45 94 28
36 17 39
76 47 70
53 100 79
7 72 10
87 47 83
100 39 9
37 56 98
12 83 57
48 86 21
79 70 92
9 67 78
54 99 95
41 85 37
87 37 94
10 33 33
70 100 38
21 89 97
42 93 80
19 77 96
82 47 46
77 88 1
91 25 16
3 53 40
61 29 41
94 30 5
84 75 56
56 1 93
87 12 14
6 12 13
72 68 30
82 94 57
65 39 45
16 46 80
12 88 91
98 38 32
43 82 22
56 44 57
67 53 15
73 100 14
45 70 62
34 29 29
57 75 37
30 86 56
81 4 75
13 99 9
100 76 79
91 83 54
51 46 69
7 29 86
62 46 1
88 17 98
19 61 77
28 100 1
4 86 31
70 87 37
4 38 5
27 23 13
14 58 26
55 99 81
97 58 73
51 16 84
39 94 64
56 65 95
51 22 21
7 78 53
83 77 15
71 28 11
50 95 41
25 43 87
14 98 61
68 88 5
77 83 32
93 6 84
88 98 52
61 30 32
94 29 61
47 1 94
86 98 75
53 76 77
61 11 61
61 53 3
34 78 21
31 47 82
21 81 30
22 21 46
87 20 40
16 58 42
12 9 17
71 28 4
13 68 39
64 15 25
17 55 29
35 55 45
62 44 84
27 61 19
83 89 31
68 23 60
38 10 22
42 12 84
8 34 45
92 7 98
61 9 64
47 32 85
10 19 4
62 46 8
4 78 15
2 20 12
97 76 47
2 100 54
69 96 3
42 62 90
30 5 25
77 46 25
45 19 56
12 98 95
32 71 93
85 16 71
90 69 64
85 13 84
69 18 21
97 40 88
99 10 38
97 81 53
17 8 18
5 97 10
7 21 17
35 8 16
41 35 64
10 72 100
14 12 58
35 72 76
79 4 33
41 32 82
92 55 47
91 2 12
56 43 8
4 99 54
46 59 25
1 73 59
25 68 86
99 8 47
88 64 68
0 39 48
23 70 19
5 77 3
67 73 45
37 59 59
92 80 87
31 9 91
81 53 85
60 4 61
70 93 6
98 4 46
91 96 80
16 20 69
34 15 71
43 48 99
81 14 29
75 53 41
83 41 63
30 57 67
13 15 75
100 47 93
64 70 73
52 79 8
100 33 89
0 20 21
2 47 93
13 94 70
54 98 4
24 24 77
68 45 5
4 64 27
88 58 41
51 7 31
8 90 85
85 70 9
98 28 93
44 31 91
41 20 71
55 82 52
52 72 19
18 69 54
98 23 27
29 25 59
13 55 55
29 2 60
69 3 81
6 90 18
72 36 27
100 91 95
76 41 73
9 72 95
50 65 61
16 66 96
1 87 71
22 64 65
95 61 13
13 9 38
32 68 96
46 69 58
23 66 83
47 68 48
61 6 25
15 90 92
65 48 46
55 93 15
0 33 60
53 22 1
67 58 20
8 3 76
35 97 48
59 30 95
23 3 100
8 87 8
16 12 2
42 73 40
100 6 94
6 74 32
76 7 28
52 27 39
85 2 99
5 21 40
65 83 43
38 3 52
66 22 24
0 65 91
20 46 63
73 6 68
30 17 52
35 55 63
66 92 12
95 52 21
70 72 24
29 36 86
86 14 22
100 31 47
89 86 90
60 98 27
92 10 71
33 20 79
96 2 72
44 52 32
23 36 86
92 82 14
92 4 28
66 98 21
77 91 2
73 32 97
34 5 87
7 68 97
85 73 67
76 86 17
45 54 78
22 41 17
43 19 26
44 62 13
75 9 23
83 45 78
97 69 86
0 71 40
100 66 7
79 40 83
11 10 80
100 89 79
15 74 4
78 84 95
98 83 39
74 77 38
79 87 63
35 29 87
